% Aluminum dielectric function from McPeak et al. 2015
%  Energy (eV)  n   k
0.7293187496064689	1.584018511	15.55632073
0.7314701323486709	1.555668449	15.53351552
0.7336342451662705	1.514176047	15.49621661
0.7358112013833811	1.454908413	15.4724516
0.7380011156732126	1.427335087	15.38951869
0.7402041040782072	1.425778483	15.34740513
0.7424202840305373	1.462292742	15.2773787
0.7446497743729712	1.477843053	15.23233469
0.7468926953801188	1.474977808	15.17582154
0.7491491687800587	1.478177828	15.1223348
0.751419317776362	1.469917493	15.08179888
0.7537032670705149	1.458873135	15.02392461
0.7560011428847544	1.45643876	14.99170484
0.7583130729853194	1.447904247	14.94712102
0.7606391867061333	1.44609075	14.8956765
0.7629796149729213	1.439358574	14.84862799
0.765334490327776	1.436002763	14.82100212
0.7677039469541778	1.424742484	14.75635087
0.7700881207024827	1.421414675	14.70647543
0.7724871491158861	1.402928097	14.65292487
0.7749011714568732	1.400984694	14.60865354
0.7773303287341675	1.39786136	14.56653756
0.7797747637301868	1.400170689	14.51965833
0.7822346210290203	1.390425967	14.47146449
0.7847100470449349	1.385662006	14.41873986
0.7872011900514267	1.374949427	14.37325593
0.7897082002108262	1.374881699	14.33214219
0.792231229604471	1.367953829	14.27204602
0.7947704322634597	1.36162657	14.2300396
0.7973259641999982	1.354287918	14.18605286
0.7998979834393529	1.347399401	14.13278052
0.8024866500524254	1.342317392	14.08906725
0.8050921261889592	1.338103685	14.0463704
0.8077145761113989	1.332565366	13.9955611
0.8103541662294099	1.325289614	13.94978109
0.8130110651350801	1.31627889	13.90548777
0.8156854436388139	1.313924676	13.8577198
0.8183774748059387	1.304059962	13.81378197
0.8210873339940379	1.296809948	13.75760575
0.823815198891028	1.290149697	13.70964938
0.8265612495539981	1.285699173	13.66027168
0.8293256684488275	1.277693673	13.61515704
0.8321086404906021	1.275023692	13.56523813
0.8349103530848465	1.264792932	13.51960433
0.8377309961695927	1.265153644	13.46516297
0.8405707622583031	1.252421713	13.42119816
0.8434298464836716	1.25590184	13.37524914
0.8463084466423189	1.245674136	13.32973008
0.849206763240409	1.23989324	13.2825952
0.8521249995402042	1.235053048	13.23424936
0.8550633616075842	1.232348412	13.19350911
0.8580220583605516	1.225637477	13.13438949
0.861001301618748	1.222359347	13.08984959
0.8640013061540049	1.215774284	13.0402495
0.867022289741956	1.20897633	12.99198306
0.9150124533808097	1.135566133	12.26700903
0.9184013883933312	1.132981867	12.21775953
0.9218155199486968	1.129233973	12.16532652
0.925255130097759	1.123987022	12.1162431
0.9287205051168518	1.112492808	12.06389822
0.9322119355872158	1.109282178	12.01542787
0.9357297164762243	1.108138114	11.96737106
0.9392741472204523	1.104427092	11.91930196
0.9428455318106442	1.097106966	11.86438552
0.9464441788786238	1.094227716	11.82020872
0.9500704017862047	1.090905752	11.7737027
0.9537245187161516	1.08667656	11.71967858
0.9574068527652488	1.081263285	11.66829595
0.9611177320395327	1.078091053	11.61775711
0.9648574897517488	1.073080696	11.56250415
0.9686264643210915	1.070500901	11.51937378
0.9724249994752919	1.066383574	11.47288865
0.9762534443551159	1.061492702	11.41081797
0.9801121536213416	1.057188404	11.36079431
0.9840014875642834	1.056495057	11.31619114
0.987921812215934	1.051297547	11.26655345
0.9918734994647977	1.049913391	11.21616325
0.9958569271734916	1.046657092	11.16984741
0.9998724792991912	1.043389606	11.11569439
1.0039205460170015	1.039978895	11.06849385
1.0080015238463391	1.038667581	11.01266681
1.0121158157804058	1.035047848	10.96181208
1.0162638314188501	1.029738722	10.9110202
1.0204459871037013	1.026450838	10.85926339
1.0246627060586753	1.024257787	10.80782605
1.0289144185319479	1.022859293	10.75807795
1.0332015619424977	1.021736807	10.70579031
1.037524581030123	1.01813905	10.65817091
1.0418839280092413	1.017683803	10.60545522
1.0462800627265798	1.014759181	10.5517646
1.050713452822879	1.015213183	10.49336256
1.055184573898721	1.012688334	10.44200832
1.059693909684613	1.008357257	10.39215013
1.064241952215448	1.007932489	10.34146643
1.0688292020094803	1.008818757	10.28628773
1.0734561682519455	1.003754384	10.23706613
1.078123368983476	1.005317282	10.18335224
1.0828313312934472	1.003941179	10.12708734
1.0875805915184187	1.002828586	10.07500199
1.0923716954458125	1.00500573	10.02382345
1.0972051985230065	1.003972742	9.968398129
1.1020816660719974	1.003882164	9.917498646
1.1070016735098187	1.004294808	9.860152537
1.1119658065748854	1.00382405	9.806001363
1.1169746615594567	1.005344855	9.750882949
1.1220288455484138	1.008451539	9.704482186
1.1271289766645427	1.009905005	9.649917519
1.1322756843205453	1.011890304	9.593431189
1.137469609477979	1.014378517	9.5368739
1.1427114049133615	1.015304156	9.479917855
1.1480017354916638	1.020244607	9.42862127
1.1533412784474393	1.024418445	9.373122913
1.1587307236738291	1.025591906	9.318521275
1.1641707740197156	1.02747793	9.264432573
1.1696621455952803	1.033133204	9.204040646
1.1752055680862532	1.036482441	9.148731926
1.1808017850771402	1.043454926	9.083765639
1.1864515543837293	1.051806876	9.036830069
1.1921556483951896	1.055494597	8.978255334
1.1979148544260843	1.061537336	8.920081923
1.2037299750786379	1.071397488	8.867857271
1.2096018286156072	1.081445553	8.809967337
1.2155312493441148	1.08727974	8.74843856
1.2215190880108346	1.09358083	8.687515124
1.227566212208908	1.102964941	8.629920722
1.2336735067970122	1.114680776	8.571960874
1.2398418743309971	1.126639087	8.511598888
1.2460722355085398	1.140905235	8.457757667
1.2523655296272698	1.153696234	8.399524689
1.2587227150568499	1.167631515	8.338247019
1.2651447697255074	1.182294465	8.279240316
1.2716326916215355	1.201067407	8.22268587
1.2781874993103064	1.218188621	8.163760378
1.2848102324673545	1.23821822	8.1051949
1.2915019524281222	1.25976713	8.04593147
1.2982637427549708	1.280288795	7.985307721
1.3050967098221022	1.302164463	7.928721983
1.3120019834190446	1.325884954	7.872100794
1.3189807173734012	1.355589911	7.812465936
1.3260340901935797	1.385433286	7.756057335
1.333163305732255	1.415213787	7.70342976
1.3403695938713482	1.447230511	7.647710517
1.3476542112293446	1.483545494	7.592621895
1.3550184418918	1.516837858	7.542665118
1.3624635981659308	1.557188172	7.48978204
1.3699910213602178	1.602399525	7.439468008
1.3776020825899968	1.64715608	7.393045594
1.3852981836100526	1.694671727	7.350096072
1.3930807576752777	1.750120449	7.309782595
1.4009512704305052	1.802564727	7.274079983
1.4089112208306787	1.854996083	7.243411521
1.4169621420925682	1.915492386	7.218248477
1.425105602679307	1.973568962	7.198887028
1.433343207319072	2.03127715	7.184642431
1.441676598059299	2.092718783	7.181328004
1.4501074553578914	2.148111401	7.177700369
1.4586374992129378	2.204898553	7.188085811
1.467268490332541	2.257656113	7.204374444
1.4760022313464252	2.301774531	7.225729444
1.4848405680610746	2.342102357	7.253098886
1.4937853907602376	2.375277499	7.288411569
1.502838635552724	2.399462094	7.325600203
1.5120022857695088	2.410049326	7.369351244
1.5212783734122666	2.414395973	7.410756231
1.530668980655552	2.409296598	7.449477169
1.5401762414049653	2.399438967	7.486541749
1.5498023429137464	2.373653298	7.522581337
1.5595495274603737	2.350258044	7.547894599
1.5694200940898697	2.314643646	7.572223927
1.5794164004216524	2.275479945	7.589387919
1.5895408645269193	2.231500036	7.603853787
1.5997959668787058	2.189915668	7.610567038
1.6101842523779184	2.144528834	7.61216158
1.6207083324588198	2.09984451	7.605086914
1.6313708872776278	2.054224115	7.599462923
1.6421746679880758	2.005349601	7.585211073
1.6531224991079962	1.958355454	7.571403838
1.6642172809812041	1.916802427	7.55216072
1.6754619923391854	1.872189153	7.528352557
1.6868596929673432	1.827772224	7.502849546
1.698413526480818	1.786398844	7.475374294
1.7101267232151685	1.745260386	7.446739811
1.722002603237496	1.706780893	7.414249862
1.734044579483912	1.669698976	7.380372258
1.7462561610295735	1.631621525	7.34575992
1.7586409564978684	1.596346402	7.311383032
1.7712026776157104	1.559751729	7.27391404
1.783945142922298	1.5274935	7.23603734
1.7968722816391265	1.493230683	7.197481356
1.8099881377094846	1.457391234	7.157652493
1.8232968740161721	1.426024482	7.116287362
1.8368027767866624	1.395892303	7.071104251
1.850510260195518	1.365410391	7.031951759
1.8644238711744316	1.333854457	6.987643931
1.8785482944409047	1.304382818	6.942363757
1.8928883577572475	1.275302761	6.898361917
1.9074490374323032	1.246364405	6.852329839
1.9222354640790653	1.218505245	6.807110623
1.937252928642183	1.190265203	6.759417967
1.9525068887102317	1.165731637	6.710806975
1.9680029751285668	1.136328574	6.66312559
1.9837469989295955	1.112663572	6.61475776
1.9997449585983824	1.088160063	6.566589093
2.0160030476926782	1.062059906	6.517052343
2.0325276628377003	1.038145667	6.46681888
2.0493254121173505	1.016073317	6.417351867
2.0664031238849954	0.992465612	6.368986418
2.0837678560184827	0.9714896	6.317103137
2.101426905645758	0.948955518	6.267417058
2.119387819369226	0.928308533	6.215605902
2.1376584040189606	0.908569739	6.165184423
2.156246737966952	0.887661988	6.112687118
2.1751611830368374	0.867376853	6.060226283
2.194410397046013	0.848630853	6.009090973
2.2140033470196374	0.829205097	5.958236408
2.2339493231189134	0.808351698	5.905288517
2.2542579533290854	0.789405353	5.851936501
2.274939218955958	0.772330366	5.799008035
2.2960034709833277	0.75446839	5.746496546
2.3174614473476582	0.737603948	5.693773756
2.3393242911905605	0.720793584	5.641767754
2.3616035701542804	0.704045108	5.58799423
2.3843112967903792	0.688336416	5.535955836
2.4074599501572758	0.672565753	5.481545831
2.4310624986882297	0.655709839	5.428163169
2.455132424417816	0.640306464	5.374848125
2.4796837486619943	0.625686295	5.320477736
2.5047310592545395	0.610784373	5.265933683
2.5302895394510148	0.596705366	5.212874187
2.556374998620613	0.582771419	5.159226931
2.5830039048562443	0.568005038	5.105940631
2.6101934196442045	0.554932886	5.051331558
2.6379614347468023	0.53987657	4.997345967
2.66632661146451	0.528042125	4.943260916
2.695308422458689	0.514817248	4.887948117
2.7249271963318615	0.501228231	4.832828338
2.7552041651799937	0.489220122	4.778319404
2.7861615153505555	0.477070026	4.724044433
2.8178224416613573	0.464232752	4.669101846
2.850211205358614	0.452837879	4.613682059
2.883353196118598	0.440996226	4.559109307
2.9172749984258757	0.429543735	4.503499508
2.9520044626928503	0.417647849	4.447407079
2.9875707815204753	0.40706511	4.391435073
3.0240045715390176	0.396086448	4.336805792
3.061337961311104	0.385211589	4.281283449
3.099604685827493	0.375150842	4.226433266
3.1388401881797394	0.364968364	4.169676475
3.1790817290538387	0.354901676	4.114238107
3.220368504755837	0.345714203	4.058265431
3.2627417745552556	0.335956002	4.002607455
3.3062449982159925	0.32692637	3.945995546
3.3509239846783707	0.317597538	3.889198914
3.396827052961636	0.308578012	3.831608068
3.444005206474992	0.300125667	3.776251503
3.492512322059147	0.291774119	3.719829584
3.5424053552314207	0.28349792	3.663518946
3.593744563278253	0.275201252	3.607178361
3.6465937480323443	0.267481852	3.550147397
3.701020520391036	0.259391824	3.493749292
3.7570965888818093	0.251892832	3.436779015
3.8148980748646064	0.24464928	3.37932734
3.874505857284366	0.237666454	3.323775766
3.9360059502571336	0.224454799	3.267473023
3.999489917196765	0.218816718	3.214790935
4.0650553256754005	0.210097266	3.157347124
4.132806247769991	0.204991638	3.100858199
4.202853811291516	0.197315218	3.042340102
4.275316808037921	0.188953314	2.98248275
4.350322366073675	0.18587018	2.923276881
4.428006694039275	0.178635303	2.868973784
4.508515906658171	0.172365826	2.81099804
4.592006941966655	0.164610587	2.750035753
4.678648582381121	0.161465056	2.693431077
4.7686225935807585	0.150722638	2.633214255
4.862124997376459	0.148765766	2.573777623
4.9593674973239885	0.141162655	2.515219055
5.0605790789020295	0.139688588	2.457358928
5.166007809712489	0.133002743	2.395514502
5.275922869493605	0.129276519	2.336773934
5.390616844917378	0.124315543	2.274896559
5.510408330359987	0.119771906	2.213039835
5.635644883322715	0.116173424	2.151998203
5.766706392237196	0.115928445	2.091850713
5.904008925385701	0.11365555	2.028057589
6.048009143078035	0.111587326	1.969936987
6.199209371654986	0.110803374	1.908606137
6.358163458107677	0.111513266	1.853411775
6.525483549110511	0.106567769	1.79116071
6.701847969356741	0.108316112	1.734368006
6.888010412949984	0.099715746	1.657661977
7.0848107104628415	0.1069563	1.596539899
7.2931874960646885	0.100850207	1.532569987
7.514193177763619	0.098692838	1.46616516
7.749011714568732	0.09903925	1.402928641
7.99897983439353	0.095510386	1.337393822
8.265612495539981	0.095390828	1.283666394