2.06640328977016 1.37935649949447 0.0217258663148545
2.04932557663156 1.36720578570797 0.0224711644539043
2.03252782600343 1.35484504320046 0.0232427028635862
2.01600320953186 1.34226854693574 0.024041748061226
1.99974511913241 1.32947025857039 0.0248696602472376
1.98374715817935 1.31644380220696 0.0257279027617985
1.96800313311443 1.30318243768144 0.0266180527460248
1.95250704545212 1.28967903107383 0.0275418131939455
1.93725308415952 1.27592602208333 0.0285010266156679
1.92223561839084 1.26191538785407 0.0294976905734512
1.90744919055707 1.24763860277216 0.0305339754027429
1.89288850971312 1.23308659367678 0.0316122444918059
1.8785484452456 1.21824968983633 0.0327350775692713
1.86442402084525 1.20311756693017 0.0339052975424937
1.85051040874939 1.18767918414509 0.0351260015457862
1.83680292424014 1.17192271333713 0.0364005970027682
1.82329702038543 1.15583545901847 0.0377328436894464
1.80998828301036 1.13940376769783 0.0391269030152392
1.79687242588709 1.12261292482144 0.0405873960325835
1.78394528613251 1.1054470372186 0.0421194720617023
1.77120281980299 1.08788889853502 0.0437288903022728
1.75864109767673 1.06991983461991 0.0454221174346018
1.74625630121422 1.05151952519398 0.0472064450399058
1.73404471868824 1.03266579733492 0.0490901317626117
1.72200274147513 1.01333438533446 0.0510825765961392
1.71012686049944 0.99349865025962 0.0531945316380337
1.69841366282479 0.973129251029326 0.0554383653330486
1.6868598283838 0.952193756926888 0.0578283908984842
1.67546212684067 0.930656189127638 0.0603812797392232
1.66421741457999 0.908476475951064 0.0631165868591478
1.65312263181612 0.885609803089883 0.0660574255428561
1.64217479981734 0.862005836044091 0.0692313434238525
1.6313710182396 0.837607787607703 0.0726714738189394
1.62070846256483 0.812351299177953 0.0764180685985522
1.61018438163908 0.786163102529519 0.0805205678109422
1.59979609530593 0.758959432332869 0.0850404363966955
1.58954099213089 0.730644177631734 0.0900551153344492
1.57941652721286 0.701106811646392 0.0956636191980639
1.5694202200786 0.67022026565306 0.101994606076451
1.55954965265672 0.637839208466546 0.109218213779085
1.54980246732762 0.603799871514746 0.117563686345342
1.54017636504608 0.567924106546956 0.127345877198775
1.53066910353345 0.53003387195538 0.139004938867941
1.52127849553631 0.489990122754655 0.153163574122514
1.51200240714889 0.447785982830948 0.170699477988922
1.50283875619648 0.403748593758456 0.192798228138043
1.49378551067722 0.358901686920914 0.22085234949044
1.48484068725999 0.3153510272661 0.25591715525303
1.47600234983583 0.276029299760103 0.297651325240944
1.46726860812082 0.243254832489302 0.343814877157432
1.45863761630835 0.217464175935763 0.391449626878862
1.45010757176853 0.197625453189177 0.438382345535748
1.44167671379313 0.18232324464812 0.483550247910087
1.43334332238392 0.170345648592817 0.526618641830687
1.42510571708287 0.160799259656817 0.567601144360398
1.41696225584239 0.153055302451998 0.606646747501552
1.4089113339342 0.146673492634648 0.64394232023102
1.40095138289502 0.141341938005527 0.679672647307615
1.39308086950797 0.136835737545843 0.714006043710594
1.38529829481798 0.132989546944454 0.747090706212068
1.3776021931801 0.129679476202179 0.77905530662049
1.36999113133933 0.126811027357377 0.810011057066929
1.36246370754076 0.124310931148812 0.84005409894571
1.35501855066895 0.122121524547338 0.869267766852002
1.34765431941532 0.120196808682352 0.897724577830547
1.34036970147253 0.118499636798803 0.925487920467814
1.33316341275494 0.116999675243023 0.952613466350918
1.32603419664395 0.115671902185316 0.979150341530887
1.31898082325755 0.11449548643879 1.00514209706583
1.31200208874296 0.113452939037117 1.03062751397177
1.30509681459168 0.112529463337867 1.05564127266545
1.29826384697601 0.111712451546041 1.08021451177343
1.29150205610635 0.11099109056902 1.10437529656882
1.28481033560839 0.11035605045334 1.12814901342136
1.27818760191968 0.109799235870954 1.15155870347806
1.27163279370471 0.10931358622658 1.17462534623665
1.26514487128785 0.108892913611649 1.19736810162865
1.25872281610365 0.108531770476676 1.21980451759598
1.25236563016373 0.108225340831386 1.24195070884138
1.24607233553979 0.107969350215067 1.26382151139101
1.23984197386209 0.107759990750059 1.28543061677238
1.23367360583293 0.107593858398053 1.30679068893927
1.22756631075455 0.107467900152211 1.32791346653369
1.22151918607103 0.107379369368194 1.34880985263578
1.21553134692362 0.107325787800252 1.36948999379555
1.20960192571912 0.10730491319097 1.38996334984878
1.20373007171077 0.107314711484518 1.41023875578027
1.19791495059139 0.107353332907724 1.43032447670054
1.19215574409817 0.107419091301704 1.45022825683943
1.1864516496288 0.107510446197249 1.46995736332467
1.18080187986866 0.107625987215846 1.48951862540102
1.17520566242852 0.107764420449749 1.50891846965121
1.16966223949254 0.107924556532542 1.52816295170106
1.16417086747614 0.108105300158941 1.54725778482416
1.15873081669355 0.108305640851286 1.56620836580555
1.15334137103451 0.10852464480204 1.58501979837581
1.14800182765009 0.108761447647922 1.60369691448634
1.14271149664709 0.109015248053101 1.62224429366217
1.13746970079091 0.10928530199706 1.64066628063846
1.13227577521652 0.109570917677923 1.65896700146183
1.12712906714736 0.109871450954767 1.67715037821538
1.1220289356218 0.110186301263151 1.69522014250743
1.11697475122711 0.110514907947182 1.71317984784756
1.11196589584044 0.110856746959055 1.73103288101923
1.10700176237687 0.111211327883576 1.74878247254607
1.10208175454408 0.111578191250692 1.76643170633776
1.09720528660362 0.111956906103818 1.78398352859233
1.09237178313841 0.112347067795834 1.80144075602325
1.0875806788264 0.112748295988098 1.8188060834723
1.08283141822017 0.113160232830855 1.83608209096324
1.07812345553226 0.113582541306033 1.85327125024497
1.07345625442606 0.114014903715639 1.87037593086864
1.06882928781215 0.114457020300984 1.8873984058382
1.06424203764987 0.114908607979599 1.9043408568702
1.05969399475393 0.11536939918826 1.92120537929519
1.05518465860604 0.115839140821777 1.93799398662986
1.05071353717127 0.116317593258389 1.95470861484648
1.04628014671907 0.116804529463562 1.97135112636345
1.04188401164882 0.117299734164893 1.9879233137789
1.03752466431974 0.117803003091583 2.00442690336716
1.03320164488508 0.118314142272621 2.02086355835592
